"","Months","Customers","Churned Customers","New Customers","Net Customers","MRR","Churned MRR","New MRR","Net MRR","Total MRR","New ARPA","Total ARPA"
"January",1,60,1.14240417931025,2.06036184068614,0.917957661375892,30,0.571202089655126,1.03018092034307,0.458978830687946,1800,45,45
"February",2,60.9179576613759,1.04809909151066,3.26825524061572,2.22015614910506,30.4589788306879,0.524049545755331,1.63412762030786,1.11007807455253,1855.49878281659,45.6884682460319,45.0103743579943
"March",3,63.138113810481,3.39912472406179,2.79139883014115,-0.607725893920644,31.5690569052405,1.6995623620309,1.39569941507058,-0.303862946960322,1993.21070777262,47.3535853578607,45.0927698239979
"April",4,62.5303879165603,1.75013327802218,0.73448433825477,-1.01564893976742,31.2651939582802,0.875066639011092,0.367242169127385,-0.507824469883708,1955.02470649776,46.8977909374202,45.0752270243088
"May",5,61.5147389767929,2.49218149422141,3.84984433947548,1.35766284525408,30.7573694883964,1.2460907471107,1.92492216973774,0.678831422627038,1892.03155569148,46.1360542325947,45.0577120669621
"June",6,62.872401822047,1.46377604483066,4.73801785959568,3.27424181476501,31.4362009110235,0.731888022415332,2.36900892979784,1.63712090738251,1976.46945543647,47.1543013665352,45.1029856895898
"July",7,66.146643636812,2.73334041812094,8.19850739548219,5.46516697736126,33.073321818406,1.36667020906047,4.0992536977411,2.73258348868063,2187.6892322077,49.609982727609,45.3260808815686
"August",8,71.6118106141732,2.57325634186106,6.90860484224759,4.33534850038654,35.8059053070866,1.28662817093053,3.4543024211238,2.16767425019327,2564.12570972011,53.7088579606299,45.9658255839878
"September",9,75.9471591145598,2.311954701599,8.50341161225153,6.19145691065253,37.9735795572799,1.1559773507995,4.25170580612577,3.09572845532627,2883.98548878613,56.9603693359198,46.5934353500815
"October",10,82.1386160252123,2.09945955315528,9.38329241853861,7.28383286538333,41.0693080126062,1.04972977657764,4.6916462092693,3.64191643269166,3373.37612126863,61.6039620189092,47.7249010792791
"November",11,89.4224488905956,2.95823887353557,5.58882875370319,2.63058988016762,44.7112244452978,1.47911943676779,2.79441437685159,1.31529494008381,3998.1871827956,67.0668366679467,49.3003827158112
"December",12,92.0530387707633,3.5984337054074,1.17967090995843,-2.41876279544896,46.0265193853816,1.7992168527037,0.589835454979217,-1.20938139772448,4236.88097346582,69.0397790780725,49.8644733423085
